
cmd p/ settear view p/ 1hvr:
set_view (\
    -0.554374218,    0.354257464,    0.753099322,\
    -0.799625099,    0.024184536,   -0.599998593,\
    -0.230775893,   -0.934826553,    0.269876897,\
     0.000555817,   -0.000216901, -107.425216675,\
    43.212947845,   42.769721985,   36.797931671,\
    73.824737549,  141.075363159,  -20.000000000 )


cmd p/ settear view p/ 1prn:
set_view (\
    -0.439146012,    0.528877974,    0.726241648,\
     0.594795108,    0.776980877,   -0.206163660,\
    -0.673324823,    0.341437668,   -0.655780315,\
    -0.000463494,   -0.000378110, -133.570648193,\
    41.091484070,   35.303409576,   35.883403778,\
    96.596458435,  170.572143555,  -20.000000000 )

cmd p/ settear view p/ 256l:
set_view (\
     0.440554947,   -0.350933880,    0.826288044,\
     0.879592836,   -0.015312967,   -0.475478917,\
     0.179515094,    0.936275423,    0.301933348,\
    -0.000113247,    0.000088464, -106.744018555,\
    34.650856018,   33.886325836,   36.963119507,\
    75.291763306,  138.171966553,  -20.000000000 )


cmd p/ guardar imagen:
    png 2a--fig_1hvr_apo.png, width=3600, height=2300, dpi=600, ray=1
    png 2b--fig_1hvr_hol.png, width=3600, height=2300, dpi=600, ray=1
    png 2c--fig_1prn.png, width=3600, height=2300, dpi=600, ray=1
    png 2d--fig_256l.png, width=3600, height=2300, dpi=600, ray=1

